$ 1 0.000005 10.20027730826997 57 5 50 5e-11
g 96 224 96 272 0 0
w 96 80 192 80 0
w 192 80 192 144 0
O 384 160 432 160 0 0
w 320 160 384 160 0
r 96 224 96 80 0 47000
v 32 208 32 80 0 0 40 2 0 0 0.5
w 32 80 96 80 0
g 32 208 32 256 0 0
r 560 -48 560 80 0 1000
r 560 80 560 224 0 2000
g 560 224 560 288 0 0
w 560 -48 96 -48 0
w 96 80 96 -48 0
401 208 160 320 160 1 8\s15\s-15\s1000000\s2.3515000000000006\s2\s100000 0\s20\s10000000000 1\s0
w 208 144 192 144 0
174 160 208 176 160 1 10000 0.47030000000000005 Resistance
w 176 176 208 176 0
w 160 48 32 48 0
g 160 208 160 240 0 0
r 320 32 320 96 0 200
162 320 96 320 160 2 default-led 1 0 0 0.01
w 320 32 160 32 0
w 160 48 160 32 0
v -48 176 -48 80 0 0 40 5 0 0 0.5
w -48 80 -48 16 0
w 160 144 160 64 0
w 160 64 128 64 0
w 128 64 128 16 0
w 128 16 -48 16 0
g -48 176 -48 224 0 0
w 32 48 -48 16 0
c 320 160 320 224 0 0.00001 3.914372313006441 0.001
g 320 224 320 256 0 0
r 512 256 512 336 0 100000
w 512 336 512 368 0
r 512 368 512 432 0 2000
g 512 432 512 464 0 0
a 384 256 496 256 8 15 -15 1000000 3.9143331696747445 3.914372313006441 100000
w 496 256 496 192 0
w 496 192 384 192 0
w 384 240 384 192 0
w 496 256 512 256 0
w 384 272 368 272 0
w 368 272 368 176 0
w 368 176 384 160 0
o 3 64 0 4098 5 0.00009765625 0 1
